7.844545741122692 3.9298515667949276 6.981181671866434 6.981181671866434 4.142124486944823 0.17613591024237507 0.5835355651168195 0.830542502834098 0.8056815469085696 4.636320322521517
6.001716406397593 1.0652772117140155 0.5346433466029844 0.8056815469085696 0.5346433466029844 0.5346433466029844 0.1697917047609594 0.17613591024237507 0.830542502834098 5.868041487887545
0.5835355651168195 4.051741350295202 4.237238929628113 3.9377099480660105 0.1697917047609594 4.823297869306012 0.5346433466029844 0.830542502834098 8.117135865478128 1.2719200103637915
0.17613591024237507 0.1624577609821447 0.5346433466029844 1.0652772117140155 3.400428744984233 0.1697917047609594 3.6469925870319875 0.5835355651168195 0.5346433466029844 0.830542502834098
29.169504273504348 0.5346433466029844 29.169504273504348 29.067897435897507 7.74039978105293 28.831223000149038 3.9298515667949276 5.90097122961332 0.8056815469085696 7.949548015240964
4.3116171138191905 7.949548015240964 0.5835355651168195 3.9726318600704564 7.949548015240964 0.7811004563108572 27.305818000994453 5.90097122961332 7.617239923251161 26.68319338931091
0.5835355651168195 1.0652772117140155 0.5346433466029844 0.17613591024237507 0.1624577609821447 4.214770020157583 35.802187966184945 4.142124486944823 6.8352236847794545 6.689265697692474
4.3116171138191905 4.636320322521517 0.5346433466029844 4.395001941659274 37.41292889109781 1.2719200103637915 4.3116171138191905 4.237838795005253 1.2719200103637915 1.077939705164837
0.5346433466029844 0.5346433466029844 35.09935355544386 0.5346433466029844 3.8638578742828806 0.17613591024237507 3.2621110054977893 0.5835355651168195 0.17613591024237507 0.38951367102683854
3.7587324887650357 0.7811004563108572 3.7236658204740456 35.23053207359411 0.5346433466029844 0.7811004563108572 1.227742458715415 1.0652772117140155 4.153326452097201 1.0652772117140155
